聚类质量指标
==================================================
silhouette: -0.14759747684001923
intra_dist: 0.1251918524503708
inter_dist: 0.1908196210861206
same_group_ratio: 0.5484825493171472
