聚类质量指标
==================================================
silhouette: -0.18052098155021667
intra_dist: 2.3782339096069336
inter_dist: 3.0712647438049316
same_group_ratio: 0.33899848254931714
