聚类质量指标
==================================================
silhouette: -0.01050847303122282
intra_dist: 0.10181837528944016
inter_dist: 0.17012819647789001
same_group_ratio: 0.6610119047619047
