聚类质量指标
==================================================
silhouette: -0.052732400596141815
intra_dist: 0.12490121275186539
inter_dist: 0.14655253291130066
same_group_ratio: 0.7212389380530975
