聚类质量指标
==================================================
silhouette: -0.028652062639594078
intra_dist: 0.09587232768535614
inter_dist: 0.20702522993087769
same_group_ratio: 0.6433609958506225
