聚类质量指标
==================================================
silhouette: -0.14659039676189423
intra_dist: 0.12473605573177338
inter_dist: 0.19018502533435822
same_group_ratio: 0.5485584218512898
