聚类质量指标
==================================================
silhouette: -0.1529933661222458
intra_dist: 0.12485750019550323
inter_dist: 0.19086854159832
same_group_ratio: 0.5495447647951441
