聚类质量指标
==================================================
silhouette: -0.04007185995578766
intra_dist: 0.12462224811315536
inter_dist: 0.14777874946594238
same_group_ratio: 0.7265486725663717
