聚类质量指标
==================================================
silhouette: 0.06148068606853485
intra_dist: 0.1128256544470787
inter_dist: 0.2089339792728424
same_group_ratio: 0.6803617571059432
