聚类质量指标
==================================================
silhouette: -0.14414474368095398
intra_dist: 0.12459214776754379
inter_dist: 0.19026535749435425
same_group_ratio: 0.5473444613050077
