聚类质量指标
==================================================
silhouette: -0.15105155110359192
intra_dist: 0.12438713014125824
inter_dist: 0.19006416201591492
same_group_ratio: 0.5482549317147192
