聚类质量指标
==================================================
silhouette: -0.14966526627540588
intra_dist: 0.12502826750278473
inter_dist: 0.1909942328929901
same_group_ratio: 0.5518968133535661
