聚类质量指标
==================================================
silhouette: -0.14931294322013855
intra_dist: 0.12538796663284302
inter_dist: 0.19192402064800262
same_group_ratio: 0.5472685887708649
